"icpsr" "x100names" "x100con" "x100state" "x100statenum" "x100district" "x100party" "x100partynum" "x1mean" "x1sd" "x1MCerror" "x12.5" "x1median" "x197.5" "x1start" "x1sample" "103names" "103con" "103state" "103statenum" "103district" "103party" "103partynum" "x103mean" "x103sd" "x103MCerror" "x1032.5" "x103median" "x10397.5" "x103start" "x103sample" "105names" "105con" "105state" "x105statenum" "x105district" "x105party" "x105partynum" "x105mean" "x105sd" "x105MCerror" "x1052.5" "x105median" "x10597.5" "x105start" "x105sample" "x107names" "x107con" "x107state" "x107statenum" "x107district" "x107party" "107partynum" "x107mean" "x107sd" "x107MCerror" "x1072.5" "x107median" "x10797.5" "x107start" "x107sample"
"1" 2605 "DINGELL (D MI-16)" 100 22 23 16 1 100 107 1.685 0.0128 103.8 107 110.5 1001 21000 "DINGELL (D MI-16)" 103 22 23 16 1 100 95.83 1.543 0.01196 92.77 95.83 98.83 2001 20000 "DINGELL (D MI-16)" 105 22 23 16 1 100 103.1 2.269 0.01678 98.71 103.1 107.7 2001 20000 "DINGELL (D MI-16)" 107 22 23 16 1 100 105.7 2.224 0.01537 101.5 105.7 110.3 2001 20000
"2" 10713 "CONYERS (D MI-1)" 100 22 23 1 1 100 109.7 1.944 0.01346 106 109.7 113.7 1001 21000 "CONYERS (D MI-14)" 103 22 23 14 1 100 89.97 1.967 0.01448 85.93 90.02 93.66 2001 20000 "CONYERS (D MI-14)" 105 22 23 14 1 100 104.2 2.399 0.01741 99.66 104.1 109.1 2001 20000 "CONYERS (D MI-14)" 107 22 23 14 1 100 105.8 2.253 0.01679 101.6 105.8 110.4 2001 20000
"3" 10757 "MINK (D HI-2)" 102 11 82 2 1 100 106 2.349 0.01719 101.5 105.9 110.7 1001 21000 "MINK (D HI-2)" 103 11 82 2 1 100 90.51 1.745 0.01421 87 90.57 93.76 2001 20000 "MINK (D HI-2)" 105 11 82 2 1 100 104.7 2.362 0.01748 100.3 104.6 109.5 2001 20000 "MINK (D HI-2)" 107 11 82 2 1 100 103.9 2.523 0.0167 99.04 103.9 109 2001 20000
"4" 12036 "OBEY (D WI-7)" 100 49 25 7 1 100 108.4 1.821 0.01394 105 108.4 112.1 1001 21000 "OBEY (D WI-7)" 103 49 25 7 1 100 93.67 1.617 0.01348 90.44 93.7 96.81 2001 20000 "OBEY (D WI-7)" 105 49 25 7 1 100 104.3 2.328 0.01464 99.82 104.2 109 2001 20000 "OBEY (D WI-7)" 107 49 25 7 1 100 104.2 2.265 0.01531 99.86 104.1 108.7 2001 20000
"5" 12041 "CRANE (R IL-12)" 100 14 21 12 2 200 82.03 1.854 0.01368 78.21 82.07 85.54 1001 21000 "CRANE (R IL-8)" 103 14 21 8 3 200 106.1 2.053 0.01624 102.3 106 110.3 2001 20000 "CRANE (R IL-8)" 105 14 21 8 3 200 95.08 2.304 0.01588 90.39 95.13 99.39 2001 20000 "CRANE (R IL-8)" 107 14 21 8 3 200 95.36 2.335 0.01849 90.65 95.38 99.81 2001 20000
"6" 13035 "RANGEL (D NY-16)" 100 34 13 16 1 100 109.3 1.912 0.01552 105.7 109.2 113.2 1001 21000 "RANGEL (D NY-15)" 103 34 13 15 1 100 89.69 1.846 0.01308 85.92 89.73 93.14 2001 20000 "RANGEL (D NY-15)" 105 34 13 15 1 100 104.6 2.343 0.01646 100.2 104.6 109.4 2001 20000 "RANGEL (D NY-15)" 107 34 13 15 1 100 105.8 2.319 0.01692 101.4 105.7 110.5 2001 20000
"7" 13042 "SPENCE (R SC-2)" 100 40 48 2 2 200 93.35 1.356 0.011 90.67 93.36 96.02 1001 21000 "SPENCE (R SC-2)" 103 40 48 2 3 200 107.7 2.068 0.01541 103.8 107.6 111.9 2001 20000 "SPENCE (R SC-2)" 105 40 48 2 3 200 95.11 2.294 0.01498 90.43 95.17 99.42 2001 20000 "SPENCE (R SC-2)" 107 40 48 2 3 200 101 2.618 0.02168 95.91 100.9 106.1 2001 20000
"8" 13047 "YOUNG (R FL-8)" 100 9 43 8 2 200 91.2 1.365 0.01254 88.48 91.21 93.83 1001 21000 "YOUNG (R FL-10)" 103 9 43 10 3 200 106.7 2.141 0.01661 102.7 106.7 111.2 2001 20000 "YOUNG (R FL-10)" 105 9 43 10 3 200 95.83 2.436 0.01642 90.95 95.89 100.5 2001 20000 "YOUNG (R FL-10)" 107 9 43 10 3 200 94.72 2.277 0.01598 90.14 94.76 99.03 2001 20000
"9" 14015 "GILMAN (R NY-22)" 100 34 13 22 2 200 107.8 1.763 0.01416 104.5 107.8 111.4 1001 21000 "GILMAN (R NY-20)" 103 34 13 20 3 200 97.81 1.476 0.01321 94.91 97.81 100.7 2001 20000 "GILMAN (R NY-20)" 105 34 13 20 3 200 104.5 2.322 0.01605 100.2 104.5 109.2 2001 20000 "GILMAN (R NY-20)" 107 34 13 20 3 200 102 2.457 0.02235 97.22 102 106.8 2001 20000
"10" 14039 "MOAKLEY (D MA-9)" 100 19 3 9 1 100 107.8 1.781 0.0135 104.4 107.7 111.4 1001 21000 "MOAKLEY (D MA-9)" 103 19 3 9 1 100 92.09 1.762 0.01468 88.58 92.12 95.52 2001 20000 "MOAKLEY (D MA-9)" 105 19 3 9 1 100 103.8 2.457 0.01856 99.14 103.8 108.7 2001 20000 "MOAKLEY (D MA-9)" 107 19 3 9 1 100 100.2 2.47 0.01805 95.31 100.2 105 2001 20000
"11" 14045 "REGULA (R OH-16)" 100 35 24 16 2 200 92.67 1.319 0.0116 90.05 92.68 95.25 1001 21000 "REGULA (R OH-16)" 103 35 24 16 3 200 105.9 1.918 0.01552 102.3 105.8 109.8 2001 20000 "REGULA (R OH-16)" 105 35 24 16 3 200 100.2 2.141 0.01543 95.98 100.2 104.4 2001 20000 "REGULA (R OH-16)" 107 35 24 16 3 200 96 2.152 0.01568 91.65 96.05 100.1 2001 20000
"12" 14052 "SHUSTER (R PA-9)" 100 38 14 9 2 200 86.45 1.597 0.01404 83.26 86.47 89.52 1001 21000 "SHUSTER (R PA-9)" 103 38 14 9 3 200 106.2 2.012 0.01486 102.5 106.1 110.3 2001 20000 "SHUSTER (R PA-9)" 105 38 14 9 3 200 96.39 2.237 0.01637 91.88 96.43 100.7 2001 20000 "SHUSTER (R PA-9)" 107 38 14 9 3 200 100.1 2.474 0.02017 95.27 100.1 104.9 2001 20000
"13" 14053 "STARK (D CA-9)" 100 5 71 9 1 100 110.2 1.997 0.01627 106.5 110.2 114.4 1001 21000 "STARK (D CA-13)" 103 5 71 13 1 100 88.67 1.883 0.01359 84.83 88.73 92.22 2001 20000 "STARK (D CA-13)" 105 5 71 13 1 100 104.4 2.408 0.02146 99.8 104.3 109.3 2001 20000 "STARK (D CA-13)" 107 5 71 13 1 100 106.2 2.286 0.01663 102 106.2 110.9 2001 20000
"14" 14066 "YOUNG (R AK-1)" 100 1 81 1 2 200 93.94 1.315 0.01176 91.35 93.94 96.48 1001 21000 "YOUNG (R AK-1)" 103 1 81 1 3 200 105.9 1.901 0.01447 102.3 105.9 109.8 2001 20000 "YOUNG (R AK-1)" 105 1 81 1 3 200 96.39 2.212 0.01628 91.9 96.45 100.6 2001 20000 "YOUNG (R AK-1)" 107 1 81 1 3 200 94.72 2.249 0.01574 90.12 94.77 98.91 2001 20000
"15" 14072 "MURTHA (D PA-12)" 100 38 14 12 1 100 105.5 1.588 0.01267 102.5 105.5 108.8 1001 21000 "MURTHA (D PA-12)" 103 38 14 12 1 100 99.36 1.54 0.013 96.39 99.35 102.5 2001 20000 "MURTHA (D PA-12)" 105 38 14 12 1 100 102.9 2.215 0.01758 98.72 102.8 107.3 2001 20000 "MURTHA (D PA-12)" 107 38 14 12 1 100 102 2.177 0.01646 97.79 102 106.2 2001 20000
"16" 14239 "HYDE (R IL-6)" 100 14 21 6 2 200 90.65 1.437 0.01148 87.79 90.68 93.41 1001 21000 "HYDE (R IL-6)" 103 14 21 6 3 200 106.7 1.974 0.01442 103 106.6 110.7 2001 20000 "HYDE (R IL-6)" 105 14 21 6 3 200 95.13 2.325 0.01677 90.34 95.2 99.47 2001 20000 "HYDE (R IL-6)" 107 14 21 6 3 200 94.65 2.271 0.01642 89.96 94.73 98.89 2001 20000
"17" 14248 "LAFALCE (D NY-32)" 100 34 13 32 1 100 104.5 1.5 0.01214 101.7 104.5 107.6 1001 21000 "LAFALCE (D NY-29)" 103 34 13 29 1 100 98.28 1.562 0.01412 95.26 98.28 101.4 2001 20000 "LAFALCE (D NY-29)" 105 34 13 29 1 100 104.4 2.35 0.01613 99.93 104.3 109.2 2001 20000 "LAFALCE (D NY-29)" 107 34 13 29 1 100 103.7 2.509 0.01725 98.82 103.6 108.7 2001 20000
"18" 14256 "MILLER (D CA-7)" 100 5 71 7 1 100 110.1 1.999 0.01453 106.3 110.1 114.2 1001 21000 "MILLER (D CA-7)" 103 5 71 7 1 100 89.32 1.847 0.0128 85.54 89.38 92.8 2001 20000 "MILLER (D CA-7)" 105 5 71 7 1 100 104.6 2.356 0.01443 100.1 104.5 109.4 2001 20000 "MILLER (D CA-7)" 107 5 71 7 1 100 106.2 2.252 0.01658 102 106.1 110.8 2001 20000
"19" 14265 "OBERSTAR (D MN-8)" 100 23 33 8 1 100 109.1 1.858 0.01368 105.6 109 112.9 1001 21000 "OBERSTAR (D MN-8)" 103 23 33 8 1 100 92.1 1.648 0.01186 88.78 92.13 95.28 2001 20000 "OBERSTAR (D MN-8)" 105 23 33 8 1 100 104.4 2.335 0.01588 100 104.4 109.2 2001 20000 "OBERSTAR (D MN-8)" 107 23 33 8 1 100 104.1 2.148 0.01703 99.96 104.1 108.4 2001 20000
"20" 14280 "WAXMAN (D CA-24)" 100 5 71 24 1 100 110 2.026 0.01591 106.2 110 114.2 1001 21000 "WAXMAN (D CA-29)" 103 5 71 29 1 100 89.52 1.857 0.01351 85.69 89.57 93.01 2001 20000 "WAXMAN (D CA-29)" 105 5 71 29 1 100 104.7 2.334 0.01596 100.3 104.7 109.5 2001 20000 "WAXMAN (D CA-29)" 107 5 71 29 1 100 106.3 2.268 0.01702 102 106.2 111 2001 20000
"21" 14407 "BONIOR (D MI-12)" 100 22 23 12 1 100 108.8 1.875 0.01293 105.2 108.7 112.6 1001 21000 "BONIOR (D MI-10)" 103 22 23 10 1 100 90.82 1.718 0.01487 87.37 90.87 94.09 2001 20000 "BONIOR (D MI-10)" 105 22 23 10 1 100 104.6 2.345 0.01706 100.2 104.6 109.4 2001 20000 "BONIOR (D MI-10)" 107 22 23 10 1 100 104 2.539 0.01748 99.06 103.9 109 2001 20000
"22" 14413 "DICKS (D WA-6)" 100 48 73 6 1 100 107.8 1.762 0.01469 104.5 107.8 111.4 1001 21000 "DICKS (D WA-6)" 103 48 73 6 1 100 94.13 1.544 0.01157 91.07 94.14 97.1 2001 20000 "DICKS (D WA-6)" 105 48 73 6 1 100 104.6 2.339 0.01627 100.1 104.5 109.4 2001 20000 "DICKS (D WA-6)" 107 48 73 6 1 100 105.6 2.201 0.01476 101.4 105.5 110 2001 20000
"23" 14421 "GEPHARDT (D MO-3)" 100 24 34 3 1 100 107.8 1.836 0.01479 104.3 107.7 111.6 1001 21000 "GEPHARDT (D MO-3)" 103 24 34 3 1 100 93.39 1.609 0.0132 90.18 93.41 96.46 2001 20000 "GEPHARDT (D MO-3)" 105 24 34 3 1 100 104.6 2.331 0.01629 100.2 104.5 109.4 2001 20000 "GEPHARDT (D MO-3)" 107 24 34 3 1 100 104.8 2.38 0.01607 100.3 104.7 109.6 2001 20000
"24" 14430 "KILDEE (D MI-7)" 100 22 23 7 1 100 108.7 1.824 0.01356 105.2 108.6 112.4 1001 21000 "KILDEE (D MI-9)" 103 22 23 9 1 100 95.1 1.512 0.01169 92.1 95.12 98.01 2001 20000 "KILDEE (D MI-9)" 105 22 23 9 1 100 104.6 2.341 0.01692 100.2 104.5 109.3 2001 20000 "KILDEE (D MI-9)" 107 22 23 9 1 100 105.7 2.234 0.01612 101.5 105.6 110.2 2001 20000
"25" 14432 "LEACH (R IA-1)" 100 12 31 1 2 200 102.5 1.401 0.01337 99.77 102.4 105.3 1001 21000 "LEACH (R IA-1)" 103 12 31 1 3 200 96.79 1.493 0.01237 93.86 96.79 99.71 2001 20000 "LEACH (R IA-1)" 105 12 31 1 3 200 104.6 2.336 0.017 100.1 104.5 109.3 2001 20000 "LEACH (R IA-1)" 107 12 31 1 3 200 105.6 2.228 0.01521 101.3 105.5 110.1 2001 20000
"26" 14435 "MARKEY (D MA-7)" 100 19 3 7 1 100 110.4 1.972 0.01415 106.7 110.3 114.4 1001 21000 "MARKEY (D MA-7)" 103 19 3 7 1 100 88.71 1.882 0.01404 84.91 88.75 92.25 2001 20000 "MARKEY (D MA-7)" 105 19 3 7 1 100 104.6 2.342 0.01587 100.1 104.5 109.4 2001 20000 "MARKEY (D MA-7)" 107 19 3 7 1 100 105.8 2.241 0.01467 101.6 105.8 110.3 2001 20000
"27" 14448 "RAHALL (D WV-4)" 100 50 56 4 1 100 101.7 1.391 0.0124 98.98 101.7 104.5 1001 21000 "RAHALL (D WV-3)" 103 50 56 3 1 100 101.5 1.592 0.01485 98.44 101.5 104.7 2001 20000 "RAHALL (D WV-3)" 105 50 56 3 1 100 103.2 2.25 0.01713 98.84 103.1 107.7 2001 20000 "RAHALL (D WV-3)" 107 50 56 3 1 100 99.62 1.978 0.0167 95.69 99.61 103.5 2001 20000
"28" 14451 "SKELTON (D MO-4)" 100 24 34 4 1 100 97.47 1.28 0.01176 94.95 97.47 99.99 1001 21000 "SKELTON (D MO-4)" 103 24 34 4 1 100 103.7 1.718 0.01478 100.4 103.6 107.2 2001 20000 "SKELTON (D MO-4)" 105 24 34 4 1 100 97 2.293 0.01703 92.41 97.02 101.4 2001 20000 "SKELTON (D MO-4)" 107 24 34 4 1 100 98.58 2.016 0.01635 94.52 98.61 102.5 2001 20000
"29" 14605 "BEREUTER (R NE-1)" 100 29 35 1 2 200 95.08 1.278 0.01143 92.59 95.09 97.58 1001 21000 "BEREUTER (R NE-1)" 103 29 35 1 3 200 104.9 1.825 0.01638 101.5 104.9 108.7 2001 20000 "BEREUTER (R NE-1)" 105 29 35 1 3 200 95.12 2.296 0.01914 90.53 95.15 99.5 2001 20000 "BEREUTER (R NE-1)" 107 29 35 1 3 200 98.32 2.179 0.01781 93.97 98.36 102.5 2001 20000
"30" 14620 "DIXON (D CA-28)" 100 5 71 28 1 100 109.7 1.945 0.0147 106 109.6 113.7 1001 21000 "DIXON (D CA-32)" 103 5 71 32 1 100 90.58 1.732 0.01446 87.07 90.62 93.84 2001 20000 "DIXON (D CA-32)" 105 5 71 32 1 100 104.7 2.342 0.01642 100.3 104.6 109.4 2001 20000 "DIXON (D CA-32)" 107 5 71 32 1 100 100.2 2.488 0.02118 95.28 100.2 105 2001 20000
"31" 14626 "FROST (D TX-24)" 100 43 49 24 1 100 104.9 1.545 0.0128 101.9 104.9 108 1001 21000 "FROST (D TX-24)" 103 43 49 24 1 100 97.93 1.502 0.01209 94.98 97.93 100.9 2001 20000 "FROST (D TX-24)" 105 43 49 24 1 100 104.2 2.419 0.01724 99.56 104.1 109.1 2001 20000 "FROST (D TX-24)" 107 43 49 24 1 100 105.3 2.304 0.01445 100.9 105.2 110 2001 20000
"32" 14632 "HALL (D OH-3)" 100 35 24 3 1 100 102.2 1.461 0.01138 99.38 102.1 105.1 1001 21000 "HALL (D OH-3)" 103 35 24 3 1 100 101.4 1.656 0.01421 98.18 101.3 104.7 2001 20000 "HALL (D OH-3)" 105 35 24 3 1 100 99.08 2.143 0.0173 94.89 99.09 103.3 2001 20000 "HALL (D OH-3)" 107 35 24 3 1 100 96.99 2.561 0.01981 91.9 97.01 101.9 2001 20000
"33" 14644 "LEWIS (R CA-35)" 100 5 71 35 2 200 95.09 1.308 0.01236 92.5 95.09 97.61 1001 21000 "LEWIS (R CA-40)" 103 5 71 40 3 200 105.9 1.915 0.01699 102.3 105.9 109.8 2001 20000 "LEWIS (R CA-40)" 105 5 71 40 3 200 98.98 2.143 0.01822 94.75 99 103.2 2001 20000 "LEWIS (R CA-40)" 107 5 71 40 3 200 97.22 2.079 0.01706 93.04 97.26 101.2 2001 20000
"34" 14649 "MATSUI (D CA-3)" 100 5 71 3 1 100 109.7 1.992 0.01532 106 109.7 113.8 1001 21000 "MATSUI (D CA-5)" 103 5 71 5 1 100 90.45 1.813 0.01414 86.81 90.48 93.91 2001 20000 "MATSUI (D CA-5)" 105 5 71 5 1 100 104.7 2.351 0.01658 100.2 104.6 109.5 2001 20000 "MATSUI (D CA-5)" 107 5 71 5 1 100 105.3 2.3 0.017 100.9 105.3 109.9 2001 20000
"35" 14656 "SABO (D MN-5)" 100 23 33 5 1 100 110.4 2.002 0.01313 106.7 110.4 114.5 1001 21000 "SABO (D MN-5)" 103 23 33 5 1 100 89.44 1.808 0.01391 85.79 89.49 92.85 2001 20000 "SABO (D MN-5)" 105 23 33 5 1 100 104.7 2.346 0.01524 100.2 104.6 109.4 2001 20000 "SABO (D MN-5)" 107 23 33 5 1 100 105.9 2.242 0.01497 101.8 105.9 110.5 2001 20000
"36" 14657 "SENSENBRENN (R WI-9)" 100 49 25 9 2 200 87.78 1.52 0.01275 84.74 87.82 90.7 1001 21000 "SENSENBRENN (R WI-9)" 103 49 25 9 3 200 104.7 1.813 0.01588 101.2 104.6 108.3 2001 20000 "SENSENBRENN (R WI-9)" 105 49 25 9 3 200 95.08 2.308 0.01694 90.39 95.14 99.5 2001 20000 "SENSENBRENN (R WI-9)" 107 49 25 9 3 200 94.68 2.249 0.01612 90.05 94.74 98.89 2001 20000
"37" 14664 "STENHOLM (D TX-17)" 100 43 49 17 1 100 92.42 1.343 0.01215 89.75 92.43 95.03 1001 21000 "STENHOLM (D TX-17)" 103 43 49 17 1 100 106 1.906 0.0146 102.5 105.9 109.9 2001 20000 "STENHOLM (D TX-17)" 105 43 49 17 1 100 95.08 2.303 0.01695 90.37 95.15 99.45 2001 20000 "STENHOLM (D TX-17)" 107 43 49 17 1 100 95.37 2.36 0.0181 90.54 95.41 99.84 2001 20000
"38" 14669 "THOMAS (R CA-20)" 100 5 71 20 2 200 92.6 1.361 0.01241 89.93 92.61 95.23 1001 21000 "THOMAS (R CA-21)" 103 5 71 21 3 200 103.4 1.694 0.01481 100.1 103.3 106.7 2001 20000 "THOMAS (R CA-21)" 105 5 71 21 3 200 98.32 2.222 0.01926 93.87 98.34 102.6 2001 20000 "THOMAS (R CA-21)" 107 5 71 21 3 200 95.97 2.151 0.01633 91.61 96.02 100.1 2001 20000
"39" 14675 "PETRI (R WI-6)" 100 49 25 6 2 200 90.45 1.388 0.01395 87.68 90.46 93.11 1001 21000 "PETRI (R WI-6)" 103 49 25 6 3 200 103.4 1.719 0.01338 100.1 103.4 106.9 2001 20000 "PETRI (R WI-6)" 105 49 25 6 3 200 96.38 2.213 0.01603 91.92 96.42 100.6 2001 20000 "PETRI (R WI-6)" 107 49 25 6 3 200 94.68 2.248 0.01548 89.96 94.76 98.88 2001 20000
"40" 14808 "COYNE (D PA-14)" 100 38 14 14 1 100 109.7 1.961 0.01425 106 109.7 113.8 1001 21000 "COYNE (D PA-14)" 103 38 14 14 1 100 88.92 1.867 0.01349 85.15 88.97 92.46 2001 20000 "COYNE (D PA-14)" 105 38 14 14 1 100 104.6 2.341 0.01716 100.2 104.6 109.4 2001 20000 "COYNE (D PA-14)" 107 38 14 14 1 100 103.8 2.514 0.01768 99.04 103.8 108.9 2001 20000
"41" 14813 "DREIER (R CA-33)" 100 5 71 33 2 200 87.32 1.551 0.01271 84.18 87.36 90.31 1001 21000 "DREIER (R CA-28)" 103 5 71 28 3 200 106.7 1.968 0.015 103 106.6 110.7 2001 20000 "DREIER (R CA-28)" 105 5 71 28 3 200 96.37 2.234 0.01731 91.86 96.42 100.6 2001 20000 "DREIER (R CA-28)" 107 5 71 28 3 200 98.33 2.02 0.01425 94.27 98.35 102.2 2001 20000
"42" 14824 "FRANK (D MA-4)" 100 19 3 4 1 100 110.4 1.971 0.0141 106.6 110.3 114.4 1001 21000 "FRANK (D MA-4)" 103 19 3 4 1 100 88.68 1.863 0.01275 84.91 88.74 92.22 2001 20000 "FRANK (D MA-4)" 105 19 3 4 1 100 104.7 2.347 0.01585 100.2 104.6 109.4 2001 20000 "FRANK (D MA-4)" 107 19 3 4 1 100 106.4 2.289 0.01587 102.1 106.3 111 2001 20000
"43" 14828 "HALL (D TX-4)" 100 43 49 4 1 100 89.73 1.449 0.01331 86.84 89.75 92.53 1001 21000 "HALL (D TX-4)" 103 43 49 4 1 100 106 1.917 0.0153 102.4 105.9 109.9 2001 20000 "HALL (D TX-4)" 105 43 49 4 1 100 95.11 2.295 0.01585 90.44 95.16 99.45 2001 20000 "HALL (D TX-4)" 107 43 49 4 1 100 98.2 2.189 0.01727 93.83 98.21 102.4 2001 20000
"44" 14829 "HANSEN (R UT-1)" 100 45 67 1 2 200 87.57 1.561 0.01567 84.45 87.61 90.57 1001 21000 "HANSEN (R UT-1)" 103 45 67 1 3 200 106.5 1.989 0.0149 102.8 106.5 110.6 2001 20000 "HANSEN (R UT-1)" 105 45 67 1 3 200 95.43 2.347 0.01865 90.73 95.47 99.87 2001 20000 "HANSEN (R UT-1)" 107 45 67 1 3 200 96.84 2.565 0.019 91.73 96.88 101.8 2001 20000
"45" 14835 "HUNTER (R CA-45)" 100 5 71 45 2 200 84.86 1.678 0.01438 81.5 84.88 88.05 1001 21000 "HUNTER (R CA-52)" 103 5 71 52 3 200 107.6 2.068 0.01524 103.7 107.6 111.8 2001 20000 "HUNTER (R CA-52)" 105 5 71 52 3 200 95.1 2.32 0.01718 90.38 95.16 99.51 2001 20000 "HUNTER (R CA-52)" 107 5 71 52 3 200 95.7 2.44 0.01681 90.78 95.76 100.3 2001 20000
"46" 14837 "LANTOS (D CA-11)" 100 5 71 11 1 100 108 1.779 0.01404 104.7 108 111.6 1001 21000 "LANTOS (D CA-12)" 103 5 71 12 1 100 92.09 1.637 0.01384 88.74 92.13 95.2 2001 20000 "LANTOS (D CA-12)" 105 5 71 12 1 100 104.7 2.338 0.01674 100.2 104.6 109.4 2001 20000 "LANTOS (D CA-12)" 107 5 71 12 1 100 106.2 2.258 0.0165 101.9 106.1 110.7 2001 20000
"47" 14854 "ROGERS (R KY-5)" 100 17 51 5 2 200 90.49 1.426 0.01371 87.65 90.51 93.25 1001 21000 "ROGERS (R KY-5)" 103 17 51 5 3 200 107.6 2.063 0.01396 103.7 107.5 111.8 2001 20000 "ROGERS (R KY-5)" 105 17 51 5 3 200 95.11 2.279 0.01671 90.49 95.16 99.41 2001 20000 "ROGERS (R KY-5)" 107 17 51 5 3 200 94.91 2.297 0.01659 90.19 94.97 99.23 2001 20000
"48" 14855 "ROUKEMA (R NJ-5)" 100 31 12 5 2 200 93.87 1.377 0.01181 91.12 93.89 96.55 1001 21000 "ROUKEMA (R NJ-5)" 103 31 12 5 3 200 101.9 1.641 0.0145 98.81 101.9 105.2 2001 20000 "ROUKEMA (R NJ-5)" 105 31 12 5 3 200 96.56 2.223 0.01728 92.07 96.6 100.8 2001 20000 "ROUKEMA (R NJ-5)" 107 31 12 5 3 200 96.86 2.576 0.0177 91.63 96.9 101.8 2001 20000
"49" 14860 "SHAW (R FL-15)" 100 9 43 15 2 200 91.99 1.364 0.01157 89.27 92.01 94.62 1001 21000 "SHAW (R FL-22)" 103 9 43 22 3 200 107.6 2.049 0.01457 103.7 107.5 111.7 2001 20000 "SHAW (R FL-22)" 105 9 43 22 3 200 100.2 2.136 0.01898 96.03 100.2 104.4 2001 20000 "SHAW (R FL-22)" 107 9 43 22 3 200 97.22 2.094 0.01565 92.99 97.27 101.2 2001 20000
"50" 14861 "SKEEN (R NM-2)" 100 32 66 2 2 200 94.76 1.271 0.01005 92.24 94.76 97.24 1001 21000 "SKEEN (R NM-2)" 103 32 66 2 3 200 107.5 2.085 0.01579 103.6 107.4 111.7 2001 20000 "SKEEN (R NM-2)" 105 32 66 2 3 200 95.1 2.32 0.01695 90.39 95.17 99.54 2001 20000 "SKEEN (R NM-2)" 107 32 66 2 3 200 96.85 2.567 0.01863 91.66 96.9 101.7 2001 20000
"51" 14863 "SMITH (R NJ-4)" 100 31 12 4 2 200 95.11 1.27 0.01098 92.65 95.13 97.59 1001 21000 "SMITH (R NJ-4)" 103 31 12 4 3 200 105.2 1.831 0.0136 101.7 105.2 109 2001 20000 "SMITH (R NJ-4)" 105 31 12 4 3 200 98.31 2.233 0.0178 93.84 98.33 102.6 2001 20000 "SMITH (R NJ-4)" 107 31 12 4 3 200 96.02 2.155 0.01668 91.63 96.07 100.1 2001 20000
"52" 14869 "WOLF (R VA-10)" 100 46 40 10 2 200 91.79 1.351 0.01124 89.09 91.8 94.38 1001 21000 "WOLF (R VA-10)" 103 46 40 10 3 200 106.7 1.984 0.01435 103 106.6 110.7 2001 20000 "WOLF (R VA-10)" 105 46 40 10 3 200 95.09 2.305 0.01667 90.33 95.19 99.44 2001 20000 "WOLF (R VA-10)" 107 46 40 10 3 200 94.64 2.265 0.0145 90 94.72 98.84 2001 20000
"53" 14873 "HOYER (D MD-5)" 100 20 52 5 1 100 110.3 1.983 0.01437 106.6 110.2 114.4 1001 21000 "HOYER (D MD-5)" 103 20 52 5 1 100 94.67 1.537 0.0129 91.61 94.69 97.62 2001 20000 "HOYER (D MD-5)" 105 20 52 5 1 100 104.6 2.323 0.01762 100.1 104.5 109.3 2001 20000 "HOYER (D MD-5)" 107 20 52 5 1 100 105.7 2.208 0.01622 101.5 105.6 110.2 2001 20000
"54" 14875 "OXLEY (R OH-4)" 100 35 24 4 2 200 91.2 1.383 0.01172 88.49 91.21 93.89 1001 21000 "OXLEY (R OH-4)" 103 35 24 4 3 200 106.4 1.98 0.01498 102.6 106.4 110.5 2001 20000 "OXLEY (R OH-4)" 105 35 24 4 3 200 96.55 2.235 0.0168 92.02 96.58 100.9 2001 20000 "OXLEY (R OH-4)" 107 35 24 4 3 200 94.58 2.254 0.0156 90.01 94.63 98.83 2001 20000
"55" 15000 "ACKERMAN (D NY-7)" 100 34 13 7 1 100 110.3 1.987 0.0139 106.6 110.2 114.4 1001 21000 "ACKERMAN (D NY-5)" 103 34 13 5 1 100 91.17 1.697 0.01514 87.76 91.19 94.38 2001 20000 "ACKERMAN (D NY-5)" 105 34 13 5 1 100 104.7 2.357 0.01918 100.3 104.6 109.5 2001 20000 "ACKERMAN (D NY-5)" 107 34 13 5 1 100 105.9 2.235 0.01684 101.7 105.8 110.4 2001 20000
"56" 15005 "BERMAN (D CA-26)" 100 5 71 26 1 100 110.1 1.969 0.01366 106.4 110 114.1 1001 21000 "BERMAN (D CA-26)" 103 5 71 26 1 100 89.63 1.851 0.01383 85.87 89.67 93.08 2001 20000 "BERMAN (D CA-26)" 105 5 71 26 1 100 104.7 2.367 0.01686 100.2 104.6 109.5 2001 20000 "BERMAN (D CA-26)" 107 5 71 26 1 100 106.1 2.235 0.01658 101.8 106 110.7 2001 20000
"57" 15006 "BILIRAKIS (R FL-9)" 100 9 43 9 2 200 91.52 1.363 0.01245 88.8 91.54 94.18 1001 21000 "BILIRAKIS (R FL-9)" 103 9 43 9 3 200 107.6 2.051 0.01584 103.8 107.5 111.8 2001 20000 "BILIRAKIS (R FL-9)" 105 9 43 9 3 200 95.13 2.315 0.01528 90.41 95.17 99.5 2001 20000 "BILIRAKIS (R FL-9)" 107 9 43 9 3 200 94.66 2.249 0.0161 90.12 94.72 98.95 2001 20000
"58" 15007 "BOEHLERT (R NY-25)" 100 34 13 25 2 200 104.8 1.523 0.01309 101.9 104.8 107.9 1001 21000 "BOEHLERT (R NY-23)" 103 34 13 23 3 200 97.58 1.498 0.01372 94.63 97.59 100.5 2001 20000 "BOEHLERT (R NY-23)" 105 34 13 23 3 200 104.6 2.35 0.01671 100.1 104.5 109.4 2001 20000 "BOEHLERT (R NY-23)" 107 34 13 23 3 200 101 2.148 0.01605 96.73 100.9 105.2 2001 20000
"59" 15008 "BORSKI (D PA-3)" 100 38 14 3 1 100 106.7 1.68 0.01313 103.5 106.6 110.1 1001 21000 "BORSKI (D PA-3)" 103 38 14 3 1 100 94.99 1.51 0.01224 92.03 94.99 97.92 2001 20000 "BORSKI (D PA-3)" 105 38 14 3 1 100 104.4 2.328 0.01641 99.96 104.3 109.2 2001 20000 "BORSKI (D PA-3)" 107 38 14 3 1 100 103.7 2.532 0.01653 98.82 103.7 108.8 2001 20000
"60" 15010 "BOUCHER (D VA-9)" 100 46 40 9 1 100 104.1 1.602 0.01441 101 104.1 107.3 1001 21000 "BOUCHER (D VA-9)" 103 46 40 9 1 100 99.29 1.555 0.01251 96.31 99.28 102.4 2001 20000 "BOUCHER (D VA-9)" 105 46 40 9 1 100 104.1 2.396 0.01635 99.53 104.1 109 2001 20000 "BOUCHER (D VA-9)" 107 46 40 9 1 100 99.65 1.996 0.01634 95.75 99.66 103.6 2001 20000
"61" 15014 "BURTON (R IN-6)" 100 15 22 6 2 200 82.84 1.785 0.01475 79.25 82.88 86.27 1001 21000 "BURTON (R IN-6)" 103 15 22 6 3 200 107.6 2.06 0.01326 103.8 107.6 111.9 2001 20000 "BURTON (R IN-6)" 105 15 22 6 3 200 95.4 2.37 0.0165 90.63 95.43 99.95 2001 20000 "BURTON (R IN-6)" 107 15 22 6 3 200 94.51 2.276 0.01657 89.9 94.6 98.79 2001 20000
"62" 15023 "EVANS (D IL-17)" 100 14 21 17 1 100 109.4 1.906 0.01329 105.9 109.4 113.4 1001 21000 "EVANS (D IL-17)" 103 14 21 17 1 100 91.35 1.673 0.01341 87.99 91.39 94.53 2001 20000 "EVANS (D IL-17)" 105 14 21 17 1 100 104.6 2.35 0.01679 100.1 104.6 109.4 2001 20000 "EVANS (D IL-17)" 107 14 21 17 1 100 105.7 2.279 0.01667 101.4 105.6 110.4 2001 20000
"63" 15026 "GEKAS (R PA-17)" 100 38 14 17 2 200 87.3 1.539 0.0143 84.23 87.34 90.25 1001 21000 "GEKAS (R PA-17)" 103 38 14 17 3 200 107.5 2.073 0.01574 103.7 107.4 111.8 2001 20000 "GEKAS (R PA-17)" 105 38 14 17 3 200 96.48 2.219 0.01875 92.04 96.52 100.8 2001 20000 "GEKAS (R PA-17)" 107 38 14 17 3 200 96.86 2.577 0.0178 91.62 96.89 101.8 2001 20000
"64" 15028 "JOHNSON (R CT-6)" 100 7 1 6 2 200 99.74 1.309 0.01177 97.23 99.73 102.3 1001 21000 "JOHNSON (R CT-6)" 103 7 1 6 3 200 96.35 1.52 0.01382 93.37 96.36 99.34 2001 20000 "JOHNSON (R CT-6)" 105 7 1 6 3 200 104.6 2.35 0.01673 100.2 104.5 109.3 2001 20000 "JOHNSON (R CT-6)" 107 7 1 6 3 200 102 2.014 0.0179 98.1 102 106 2001 20000
"65" 15029 "KAPTUR (D OH-9)" 100 35 24 9 1 100 103.9 1.495 0.0133 101.1 103.9 107 1001 21000 "KAPTUR (D OH-9)" 103 35 24 9 1 100 97.69 1.484 0.01207 94.79 97.68 100.6 2001 20000 "KAPTUR (D OH-9)" 105 35 24 9 1 100 104.3 2.329 0.01826 99.94 104.3 109.1 2001 20000 "KAPTUR (D OH-9)" 107 35 24 9 1 100 105.5 2.195 0.01471 101.3 105.4 110 2001 20000
"66" 15033 "LEVIN (D MI-17)" 100 22 23 17 1 100 109.8 1.915 0.0128 106.2 109.7 113.7 1001 21000 "LEVIN (D MI-12)" 103 22 23 12 1 100 93.14 1.566 0.01203 89.98 93.17 96.16 2001 20000 "LEVIN (D MI-12)" 105 22 23 12 1 100 104.6 2.35 0.01679 100.1 104.6 109.4 2001 20000 "LEVIN (D MI-12)" 107 22 23 12 1 100 106 2.223 0.01588 101.8 105.9 110.5 2001 20000
"67" 15036 "LIPINSKI (D IL-5)" 100 14 21 5 1 100 97.68 1.301 0.0104 95.14 97.67 100.2 1001 21000 "LIPINSKI (D IL-3)" 103 14 21 3 1 100 103.4 1.782 0.0142 99.97 103.3 107 2001 20000 "LIPINSKI (D IL-3)" 105 14 21 3 1 100 95.11 2.318 0.018 90.45 95.16 99.56 2001 20000 "LIPINSKI (D IL-3)" 107 14 21 3 1 100 99.6 2.157 0.01499 95.4 99.6 103.8 2001 20000
"68" 15049 "ORTIZ (D TX-27)" 100 43 49 27 1 100 100.2 1.356 0.01243 97.55 100.2 102.9 1001 21000 "ORTIZ (D TX-27)" 103 43 49 27 1 100 101.2 1.598 0.01465 98.16 101.2 104.4 2001 20000 "ORTIZ (D TX-27)" 105 43 49 27 1 100 97.87 2.163 0.01656 93.56 97.91 102.1 2001 20000 "ORTIZ (D TX-27)" 107 43 49 27 1 100 100.9 1.984 0.01575 96.97 100.9 104.8 2001 20000
"69" 15050 "OWENS (D NY-12)" 100 34 13 12 1 100 110.4 1.96 0.0153 106.7 110.4 114.4 1001 21000 "OWENS (D NY-11)" 103 34 13 11 1 100 89.29 1.924 0.01244 85.38 89.35 92.9 2001 20000 "OWENS (D NY-11)" 105 34 13 11 1 100 104.4 2.388 0.01798 99.86 104.3 109.2 2001 20000 "OWENS (D NY-11)" 107 34 13 11 1 100 105.2 2.399 0.01512 100.7 105.2 110.1 2001 20000
"70" 15060 "SISISKY (D VA-4)" 100 46 40 4 1 100 101.1 1.341 0.012 98.5 101.1 103.8 1001 21000 "SISISKY (D VA-4)" 103 46 40 4 1 100 102.5 1.741 0.0148 99.16 102.4 106 2001 20000 "SISISKY (D VA-4)" 105 46 40 4 1 100 101.6 2.156 0.01745 97.47 101.6 105.9 2001 20000 "SISISKY (D VA-4)" 107 46 40 4 1 100 100.1 2.477 0.02008 95.28 100.1 105 2001 20000
"71" 15064 "SPRATT (D SC-5)" 100 40 48 5 1 100 100.7 1.333 0.01067 98.18 100.7 103.4 1001 21000 "SPRATT (D SC-5)" 103 40 48 5 1 100 101.3 1.59 0.01311 98.26 101.3 104.5 2001 20000 "SPRATT (D SC-5)" 105 40 48 5 1 100 99.14 2.132 0.01856 94.9 99.14 103.3 2001 20000 "SPRATT (D SC-5)" 107 40 48 5 1 100 100.7 1.982 0.01496 96.88 100.7 104.6 2001 20000
"72" 15072 "TOWNS (D NY-11)" 100 34 13 11 1 100 109.7 1.988 0.01465 105.9 109.6 113.7 1001 21000 "TOWNS (D NY-10)" 103 34 13 10 1 100 89.6 1.835 0.01444 85.86 89.65 93.11 2001 20000 "TOWNS (D NY-10)" 105 34 13 10 1 100 104.7 2.345 0.01633 100.2 104.6 109.4 2001 20000 "TOWNS (D NY-10)" 107 34 13 10 1 100 105.1 2.404 0.01802 100.5 105.1 109.9 2001 20000
"73" 15082 "KLECZKA (D WI-4)" 100 49 25 4 1 100 106.5 1.642 0.01271 103.4 106.5 109.9 1001 21000 "KLECZKA (D WI-4)" 103 49 25 4 1 100 96 1.54 0.01317 92.95 96 99.01 2001 20000 "KLECZKA (D WI-4)" 105 49 25 4 1 100 104.5 2.324 0.01659 100.1 104.4 109.2 2001 20000 "KLECZKA (D WI-4)" 107 49 25 4 1 100 105 2.318 0.01597 100.6 104.9 109.7 2001 20000
"74" 15083 "MOLLOHAN (D WV-1)" 100 50 56 1 1 100 101.7 1.37 0.01289 99.07 101.7 104.5 1001 21000 "MOLLOHAN (D WV-1)" 103 50 56 1 1 100 99.63 1.526 0.01271 96.67 99.61 102.7 2001 20000 "MOLLOHAN (D WV-1)" 105 50 56 1 1 100 103 2.232 0.01485 98.73 102.9 107.5 2001 20000 "MOLLOHAN (D WV-1)" 107 50 56 1 1 100 101.8 2.002 0.01544 97.99 101.8 105.8 2001 20000
"75" 15085 "BARTON (R TX-6)" 100 43 49 6 2 200 84.03 1.73 0.01537 80.54 84.08 87.33 1001 21000 "BARTON (R TX-6)" 103 43 49 6 3 200 106.1 1.981 0.01746 102.4 106 110.1 2001 20000 "BARTON (R TX-6)" 105 43 49 6 3 200 95.1 2.307 0.016 90.39 95.16 99.45 2001 20000 "BARTON (R TX-6)" 107 43 49 6 3 200 94.92 2.33 0.01726 90.24 94.98 99.32 2001 20000
"76" 15090 "CALLAHAN (R AL-1)" 100 2 41 1 2 200 89.09 1.474 0.01271 86.18 89.1 92.01 1001 21000 "CALLAHAN (R AL-1)" 103 2 41 1 3 200 107.6 2.07 0.01477 103.7 107.5 111.8 2001 20000 "CALLAHAN (R AL-1)" 105 2 41 1 3 200 95.1 2.32 0.01746 90.41 95.14 99.52 2001 20000 "CALLAHAN (R AL-1)" 107 2 41 1 3 200 96.85 2.591 0.01784 91.68 96.9 101.8 2001 20000
"77" 15092 "COBLE (R NC-6)" 100 27 47 6 2 200 88.24 1.497 0.01369 85.24 88.27 91.1 1001 21000 "COBLE (R NC-6)" 103 27 47 6 3 200 105.9 1.912 0.01721 102.3 105.9 109.8 2001 20000 "COBLE (R NC-6)" 105 27 47 6 3 200 95.12 2.297 0.01587 90.39 95.18 99.42 2001 20000 "COBLE (R NC-6)" 107 27 47 6 3 200 94.72 2.257 0.01497 90.08 94.79 98.96 2001 20000
"78" 15093 "COMBEST (R TX-19)" 100 43 49 19 2 200 86.54 1.573 0.01407 83.4 86.56 89.53 1001 21000 "COMBEST (R TX-19)" 103 43 49 19 3 200 106.8 1.997 0.01685 103.1 106.8 110.9 2001 20000 "COMBEST (R TX-19)" 105 43 49 19 3 200 95.12 2.293 0.01554 90.51 95.16 99.46 2001 20000 "COMBEST (R TX-19)" 107 43 49 19 3 200 98.27 2.205 0.01758 93.8 98.29 102.5 2001 20000
"79" 15094 "DELAY (R TX-22)" 100 43 49 22 2 200 83.85 1.722 0.01556 80.38 83.89 87.11 1001 21000 "DELAY (R TX-22)" 103 43 49 22 3 200 106.6 1.989 0.01581 102.8 106.5 110.7 2001 20000 "DELAY (R TX-22)" 105 43 49 22 3 200 95.06 2.317 0.01711 90.42 95.1 99.42 2001 20000 "DELAY (R TX-22)" 107 43 49 22 3 200 95.96 2.156 0.0183 91.55 96.01 100 2001 20000
"80" 15100 "GORDON (D TN-6)" 100 42 54 6 1 100 103.1 1.426 0.01331 100.4 103.1 106 1001 21000 "GORDON (D TN-6)" 103 42 54 6 1 100 101.4 1.598 0.01388 98.32 101.3 104.6 2001 20000 "GORDON (D TN-6)" 105 42 54 6 1 100 99.09 2.138 0.01648 94.83 99.11 103.2 2001 20000 "GORDON (D TN-6)" 107 42 54 6 1 100 99.49 1.998 0.01835 95.52 99.51 103.4 2001 20000
"81" 15104 "KANJORSKI (D PA-11)" 100 38 14 11 1 100 104.7 1.518 0.0123 101.9 104.7 107.8 1001 21000 "KANJORSKI (D PA-11)" 103 38 14 11 1 100 97.22 1.497 0.01282 94.28 97.22 100.1 2001 20000 "KANJORSKI (D PA-11)" 105 38 14 11 1 100 104.3 2.302 0.01674 99.87 104.2 108.9 2001 20000 "KANJORSKI (D PA-11)" 107 38 14 11 1 100 103.9 2.089 0.01738 99.97 103.9 108.2 2001 20000
"82" 15105 "KOLBE (R AZ-5)" 100 4 61 5 2 200 96.94 1.275 0.009139 94.43 96.93 99.43 1001 21000 "KOLBE (R AZ-5)" 103 4 61 5 3 200 98.03 1.487 0.01388 95.11 98.03 101 2001 20000 "KOLBE (R AZ-5)" 105 4 61 5 3 200 104.3 2.397 0.01653 99.75 104.2 109.1 2001 20000 "KOLBE (R AZ-5)" 107 4 61 5 3 200 104.5 2.13 0.01495 100.4 104.4 108.8 2001 20000
"83" 15112 "SAXTON (R NJ-13)" 100 31 12 13 2 200 95.35 1.279 0.009061 92.84 95.35 97.83 1001 21000 "SAXTON (R NJ-3)" 103 31 12 3 3 200 105.2 1.842 0.0165 101.7 105.1 109 2001 20000 "SAXTON (R NJ-3)" 105 31 12 3 3 200 99.15 2.122 0.01635 94.99 99.16 103.3 2001 20000 "SAXTON (R NJ-3)" 107 31 12 3 3 200 97.25 2.07 0.01615 93 97.29 101.2 2001 20000
"84" 15121 "TRAFICANT (D OH-17)" 100 35 24 17 1 100 103.5 1.456 0.01332 100.7 103.5 106.4 1001 21000 "TRAFICANT (D OH-17)" 103 35 24 17 1 100 100.1 1.529 0.01251 97.12 100.1 103.1 2001 20000 "TRAFICANT (D OH-17)" 105 35 24 17 1 100 96.66 2.218 0.01775 92.21 96.72 100.9 2001 20000 "TRAFICANT (D OH-17)" 107 35 24 17 1 100 96.92 2.582 0.0168 91.72 96.95 101.9 2001 20000
"85" 15124 "VISCLOSKY (D IN-1)" 100 15 22 1 1 100 107.5 1.727 0.01374 104.3 107.4 111 1001 21000 "VISCLOSKY (D IN-1)" 103 15 22 1 1 100 95.31 1.501 0.01435 92.3 95.34 98.2 2001 20000 "VISCLOSKY (D IN-1)" 105 15 22 1 1 100 104.4 2.312 0.01785 100 104.3 109.1 2001 20000 "VISCLOSKY (D IN-1)" 107 15 22 1 1 100 105.5 2.204 0.01652 101.3 105.4 110 2001 20000
"86" 15125 "ARMEY (R TX-26)" 100 43 49 26 2 200 83.5 1.752 0.01537 79.95 83.53 86.84 1001 21000 "ARMEY (R TX-26)" 103 43 49 26 3 200 107.4 2.08 0.01494 103.5 107.4 111.6 2001 20000 "ARMEY (R TX-26)" 105 43 49 26 3 200 95.14 2.298 0.01597 90.55 95.19 99.52 2001 20000 "ARMEY (R TX-26)" 107 43 49 26 3 200 96.86 2.553 0.01677 91.76 96.91 101.8 2001 20000
"87" 15245 "ABERCROMBIE (D HI-1)" 102 11 82 1 1 100 106.1 2.358 0.01592 101.6 106.1 110.9 1001 21000 "ABERCROMBIE (D HI-1)" 103 11 82 1 1 100 90.48 1.746 0.01292 86.92 90.52 93.77 2001 20000 "ABERCROMBIE (D HI-1)" 105 11 82 1 1 100 104.7 2.316 0.01591 100.3 104.6 109.3 2001 20000 "ABERCROMBIE (D HI-1)" 107 11 82 1 1 100 105.4 2.347 0.01738 100.9 105.3 110.2 2001 20000
"88" 15401 "BAKER (R LA-6)" 100 18 45 6 2 200 90.13 1.473 0.01338 87.17 90.14 92.95 1001 21000 "BAKER (R LA-6)" 103 18 45 6 3 200 107.6 2.064 0.01563 103.8 107.5 111.8 2001 20000 "BAKER (R LA-6)" 105 18 45 6 3 200 95.1 2.31 0.018 90.53 95.13 99.44 2001 20000 "BAKER (R LA-6)" 107 18 45 6 3 200 94.59 2.264 0.01753 89.97 94.66 98.84 2001 20000
"89" 15402 "BALLENGER (R NC-10)" 100 27 47 10 2 200 89.59 1.428 0.01267 86.73 89.61 92.35 1001 21000 "BALLENGER (R NC-10)" 103 27 47 10 3 200 105.8 1.913 0.0151 102.2 105.7 109.7 2001 20000 "BALLENGER (R NC-10)" 105 27 47 10 3 200 96.37 2.247 0.01643 91.86 96.42 100.7 2001 20000 "BALLENGER (R NC-10)" 107 27 47 10 3 200 95.81 2.421 0.0154 90.82 95.86 100.4 2001 20000
"90" 15408 "CARDIN (D MD-3)" 100 20 52 3 1 100 109.3 1.953 0.01473 105.6 109.3 113.3 1001 21000 "CARDIN (D MD-3)" 103 20 52 3 1 100 93.47 1.602 0.01417 90.29 93.49 96.56 2001 20000 "CARDIN (D MD-3)" 105 20 52 3 1 100 104.5 2.339 0.01795 100.1 104.5 109.3 2001 20000 "CARDIN (D MD-3)" 107 20 52 3 1 100 105.6 2.22 0.01699 101.4 105.5 110.2 2001 20000
"91" 15410 "DEFAZIO (D OR-4)" 100 37 72 4 1 100 109.3 1.896 0.01378 105.8 109.2 113.2 1001 21000 "DEFAZIO (D OR-4)" 103 37 72 4 1 100 89.99 1.775 0.01411 86.35 90.05 93.34 2001 20000 "DEFAZIO (D OR-4)" 105 37 72 4 1 100 104.6 2.341 0.01629 100.2 104.6 109.5 2001 20000 "DEFAZIO (D OR-4)" 107 37 72 4 1 100 106 2.258 0.01563 101.7 106 110.6 2001 20000
"92" 15413 "GALLEGLY (R CA-21)" 100 5 71 21 2 200 89.38 1.454 0.01236 86.49 89.4 92.16 1001 21000 "GALLEGLY (R CA-23)" 103 5 71 23 3 200 107.4 2.057 0.01346 103.5 107.3 111.6 2001 20000 "GALLEGLY (R CA-23)" 105 5 71 23 3 200 97.86 2.186 0.01727 93.44 97.87 102.1 2001 20000 "GALLEGLY (R CA-23)" 107 5 71 23 3 200 94.72 2.264 0.01655 90.14 94.78 98.97 2001 20000
"93" 15417 "HASTERT (R IL-14)" 100 14 21 14 2 200 86.78 1.568 0.01483 83.68 86.8 89.78 1001 21000 "HASTERT (R IL-14)" 103 14 21 14 3 200 107.6 2.068 0.01464 103.8 107.5 111.9 2001 20000 "HASTERT (R IL-14)" 105 14 21 14 3 200 97.74 2.771 0.01989 92.32 97.74 103.1 2001 20000 "HASTERT (R IL-14)" 107 14 21 14 3 200 96.37 2.521 0.01839 91.26 96.45 101.2 2001 20000
"94" 15419 "HEFLEY (R CO-5)" 100 6 62 5 2 200 89.66 1.435 0.01361 86.82 89.67 92.44 1001 21000 "HEFLEY (R CO-5)" 103 6 62 5 3 200 107.6 2.07 0.01471 103.7 107.5 111.8 2001 20000 "HEFLEY (R CO-5)" 105 6 62 5 3 200 95.11 2.299 0.01673 90.46 95.17 99.46 2001 20000 "HEFLEY (R CO-5)" 107 6 62 5 3 200 94.65 2.26 0.01652 90.08 94.71 98.97 2001 20000
"95" 15420 "HERGER (R CA-2)" 100 5 71 2 2 200 84.48 1.69 0.01415 81.12 84.5 87.71 1001 21000 "HERGER (R CA-2)" 103 5 71 2 3 200 107.6 2.064 0.01505 103.7 107.5 111.8 2001 20000 "HERGER (R CA-2)" 105 5 71 2 3 200 95.12 2.307 0.01567 90.4 95.17 99.51 2001 20000 "HERGER (R CA-2)" 107 5 71 2 3 200 94.5 2.265 0.01494 89.88 94.56 98.75 2001 20000
"96" 15423 "HOUGHTON (R NY-34)" 100 34 13 34 2 200 100.7 1.414 0.01345 97.96 100.7 103.5 1001 21000 "HOUGHTON (R NY-31)" 103 34 13 31 3 200 100.5 1.573 0.0132 97.54 100.5 103.7 2001 20000 "HOUGHTON (R NY-31)" 105 34 13 31 3 200 103.9 2.347 0.0164 99.55 103.9 108.7 2001 20000 "HOUGHTON (R NY-31)" 107 34 13 31 3 200 102 2.167 0.01885 97.75 102 106.2 2001 20000
"97" 15431 "LEWIS (D GA-5)" 100 10 44 5 1 100 110.4 1.989 0.01381 106.8 110.4 114.5 1001 21000 "LEWIS (D GA-5)" 103 10 44 5 1 100 88.69 1.887 0.01352 84.78 88.76 92.23 2001 20000 "LEWIS (D GA-5)" 105 10 44 5 1 100 104.6 2.343 0.01798 100.2 104.6 109.3 2001 20000 "LEWIS (D GA-5)" 107 10 44 5 1 100 105.3 2.364 0.01511 100.9 105.3 110.2 2001 20000
"98" 15434 "MORELLA (R MD-8)" 100 20 52 8 2 200 110 1.931 0.01593 106.3 109.9 113.9 1001 21000 "MORELLA (R MD-8)" 103 20 52 8 3 200 94.08 1.602 0.01459 90.87 94.12 97.12 2001 20000 "MORELLA (R MD-8)" 105 20 52 8 3 200 104.7 2.332 0.01527 100.3 104.6 109.4 2001 20000 "MORELLA (R MD-8)" 107 20 52 8 3 200 103.9 2.524 0.01786 99.04 103.9 108.9 2001 20000
"99" 15438 "PRICE (D NC-4)" 100 27 47 4 1 100 104 1.485 0.01184 101.2 104 107 1001 21000 "PRICE (D NC-4)" 103 27 47 4 1 100 97.26 1.805 0.01518 93.73 97.26 100.8 2001 20000 "PRICE (D NC-4)" 105 27 47 4 1 100 104.4 2.331 0.01878 99.97 104.4 109.2 2001 20000 "PRICE (D NC-4)" 107 27 47 4 1 100 105.6 2.218 0.01619 101.4 105.6 110.1 2001 20000
"100" 15442 "SAWYER (D OH-14)" 100 35 24 14 1 100 108.6 1.822 0.01428 105.2 108.5 112.3 1001 21000 "SAWYER (D OH-14)" 103 35 24 14 1 100 93.09 1.594 0.01346 89.89 93.12 96.14 2001 20000 "SAWYER (D OH-14)" 105 35 24 14 1 100 104.6 2.354 0.01637 100.1 104.5 109.3 2001 20000 "SAWYER (D OH-14)" 107 35 24 14 1 100 103.7 2.526 0.01885 98.82 103.7 108.8 2001 20000
"101" 15444 "SLAUGHTER (D NY-30)" 100 34 13 30 1 100 108.5 1.812 0.01444 105.1 108.5 112.2 1001 21000 "SLAUGHTER (D NY-28)" 103 34 13 28 1 100 89.41 1.861 0.01406 85.63 89.45 92.94 2001 20000 "SLAUGHTER (D NY-28)" 105 34 13 28 1 100 104.6 2.344 0.01765 100.2 104.5 109.4 2001 20000 "SLAUGHTER (D NY-28)" 107 34 13 28 1 100 106.2 2.247 0.01602 101.9 106.1 110.8 2001 20000
"102" 15445 "SMITH (R TX-21)" 100 43 49 21 2 200 88.29 1.513 0.01352 85.27 88.31 91.18 1001 21000 "SMITH (R TX-21)" 103 43 49 21 3 200 107.5 2.075 0.01639 103.6 107.4 111.8 2001 20000 "SMITH (R TX-21)" 105 43 49 21 3 200 96.37 2.223 0.01648 91.91 96.42 100.7 2001 20000 "SMITH (R TX-21)" 107 43 49 21 3 200 94.61 2.262 0.01715 90.02 94.68 98.84 2001 20000
"103" 15446 "UPTON (R MI-4)" 100 22 23 4 2 200 92.65 1.319 0.01147 90.04 92.66 95.19 1001 21000 "UPTON (R MI-6)" 103 22 23 6 3 200 103.1 1.681 0.01537 99.95 103.1 106.5 2001 20000 "UPTON (R MI-6)" 105 22 23 6 3 200 97.84 2.165 0.01545 93.56 97.87 102 2001 20000 "UPTON (R MI-6)" 107 22 23 6 3 200 94.72 2.246 0.01614 90.15 94.77 98.96 2001 20000
"104" 15447 "WELDON (R PA-7)" 100 38 14 7 2 200 95.08 1.317 0.01114 92.5 95.09 97.65 1001 21000 "WELDON (R PA-7)" 103 38 14 7 3 200 104.6 1.886 0.01387 101 104.5 108.4 2001 20000 "WELDON (R PA-7)" 105 38 14 7 3 200 96.48 2.218 0.01686 92 96.51 100.7 2001 20000 "WELDON (R PA-7)" 107 38 14 7 3 200 97 2.301 0.01822 92.42 97.02 101.5 2001 20000
"105" 15449 "SHAYS (R CT-4)" 100 7 1 4 2 200 103.8 1.479 0.01209 101 103.8 106.8 1001 21000 "SHAYS (R CT-4)" 103 7 1 4 3 200 96.11 1.486 0.01343 93.17 96.11 98.99 2001 20000 "SHAYS (R CT-4)" 105 7 1 4 3 200 104.4 2.309 0.01663 100.1 104.3 109.1 2001 20000 "SHAYS (R CT-4)" 107 7 1 4 3 200 105.4 2.246 0.01631 101.1 105.4 110 2001 20000
"106" 15450 "CLEMENT (D TN-5)" 100 42 54 5 1 100 100.8 1.34 0.01158 98.25 100.8 103.5 1001 21000 "CLEMENT (D TN-5)" 103 42 54 5 1 100 101.9 1.611 0.01274 98.79 101.8 105.1 2001 20000 "CLEMENT (D TN-5)" 105 42 54 5 1 100 99.26 2.105 0.01665 95.1 99.26 103.4 2001 20000 "CLEMENT (D TN-5)" 107 42 54 5 1 100 99.25 2.594 0.02176 94.08 99.26 104.3 2001 20000
"107" 15451 "MCCRERY (R LA-4)" 100 18 45 4 2 200 96.21 1.316 0.01051 93.61 96.21 98.76 1001 21000 "MCCRERY (R LA-5)" 103 18 45 5 3 200 103.7 1.738 0.01566 100.4 103.7 107.2 2001 20000 "MCCRERY (R LA-4)" 105 18 45 4 3 200 97.84 2.17 0.01833 93.54 97.85 102.1 2001 20000 "MCCRERY (R LA-4)" 107 18 45 4 3 200 96 2.168 0.01507 91.68 96.06 100.2 2001 20000
"108" 15453 "COSTELLO (D IL-21)" 100 14 21 21 1 100 99.36 1.306 0.01429 96.81 99.36 101.9 1001 21000 "COSTELLO (D IL-12)" 103 14 21 12 1 100 99.86 1.545 0.01244 96.87 99.85 103 2001 20000 "COSTELLO (D IL-12)" 105 14 21 12 1 100 96.51 2.224 0.0194 92.03 96.54 100.8 2001 20000 "COSTELLO (D IL-12)" 107 14 21 12 1 100 98.48 2.007 0.0172 94.46 98.53 102.3 2001 20000
"109" 15454 "PALLONE (D NJ-3)" 101 31 12 3 1 100 101.7 1.628 0.01421 98.62 101.7 105 1001 21000 "PALLONE (D NJ-6)" 103 31 12 6 1 100 92.04 1.637 0.01485 88.73 92.08 95.16 2001 20000 "PALLONE (D NJ-6)" 105 31 12 6 1 100 104.6 2.339 0.01641 100.1 104.5 109.4 2001 20000 "PALLONE (D NJ-6)" 107 31 12 6 1 100 106.2 2.239 0.01486 102 106.1 110.7 2001 20000
"110" 15455 "DUNCAN (R TN-2)" 101 42 54 2 2 200 88.16 1.868 0.01439 84.41 88.2 91.71 1001 21000 "DUNCAN (R TN-2)" 103 42 54 2 3 200 104.7 1.816 0.01618 101.2 104.6 108.4 2001 20000 "DUNCAN (R TN-2)" 105 42 54 2 3 200 95.1 2.284 0.01536 90.48 95.15 99.45 2001 20000 "DUNCAN (R TN-2)" 107 42 54 2 3 200 94.53 2.28 0.01715 89.9 94.59 98.78 2001 20000
"111" 15601 "COX (R CA-40)" 101 5 71 40 2 200 89.13 1.846 0.01462 85.39 89.17 92.66 1001 21000 "COX (R CA-47)" 103 5 71 47 3 200 107.3 2.084 0.01426 103.4 107.2 111.5 2001 20000 "COX (R CA-47)" 105 5 71 47 3 200 95.08 2.312 0.01695 90.38 95.11 99.45 2001 20000 "COX (R CA-47)" 107 5 71 47 3 200 97.2 2.071 0.01742 93.04 97.24 101.2 2001 20000
"112" 15603 "ENGEL (D NY-19)" 101 34 13 19 1 100 108.8 2.085 0.01567 104.9 108.8 113 1001 21000 "ENGEL (D NY-17)" 103 34 13 17 1 100 88.66 1.884 0.0143 84.85 88.7 92.25 2001 20000 "ENGEL (D NY-17)" 105 34 13 17 1 100 104.1 2.453 0.01726 99.46 104.1 109.1 2001 20000 "ENGEL (D NY-17)" 107 34 13 17 1 100 105.6 2.279 0.01644 101.3 105.5 110.2 2001 20000
"113" 15604 "GILLMOR (R OH-5)" 101 35 24 5 2 200 95.24 1.576 0.01237 92.1 95.24 98.29 1001 21000 "GILLMOR (R OH-5)" 103 35 24 5 3 200 105 1.832 0.01412 101.6 105 108.7 2001 20000 "GILLMOR (R OH-5)" 105 35 24 5 3 200 96.49 2.222 0.01816 92.06 96.54 100.8 2001 20000 "GILLMOR (R OH-5)" 107 35 24 5 3 200 96.01 2.155 0.0165 91.54 96.08 100 2001 20000
"114" 15605 "GOSS (R FL-13)" 101 9 43 13 2 200 92.71 1.651 0.01461 89.41 92.73 95.9 1001 21000 "GOSS (R FL-14)" 103 9 43 14 3 200 105.8 1.9 0.01711 102.2 105.7 109.6 2001 20000 "GOSS (R FL-14)" 105 9 43 14 3 200 97.7 2.159 0.01785 93.41 97.72 101.8 2001 20000 "GOSS (R FL-14)" 107 9 43 14 3 200 96.86 2.245 0.01995 92.35 96.91 101.1 2001 20000
"115" 15612 "LOWEY (D NY-20)" 101 34 13 20 1 100 109 2.082 0.01453 105.1 109 113.3 1001 21000 "LOWEY (D NY-18)" 103 34 13 18 1 100 90.63 1.734 0.01322 87.06 90.66 93.87 2001 20000 "LOWEY (D NY-18)" 105 34 13 18 1 100 104.7 2.356 0.01619 100.2 104.6 109.5 2001 20000 "LOWEY (D NY-18)" 107 34 13 18 1 100 106 2.319 0.01654 101.6 105.9 110.7 2001 20000
"116" 15613 "MCDERMOTT (D WA-7)" 101 48 73 7 1 100 109.1 2.049 0.0135 105.2 109 113.3 1001 21000 "MCDERMOTT (D WA-7)" 103 48 73 7 1 100 88.8 1.887 0.01346 84.95 88.85 92.33 2001 20000 "MCDERMOTT (D WA-7)" 105 48 73 7 1 100 103.8 2.47 0.01666 99.08 103.8 108.7 2001 20000 "MCDERMOTT (D WA-7)" 107 48 73 7 1 100 106.3 2.269 0.01602 102.1 106.2 110.9 2001 20000
"117" 15614 "MCNULTY (D NY-23)" 101 34 13 23 1 100 105.3 1.772 0.01559 102 105.3 108.9 1001 21000 "MCNULTY (D NY-21)" 103 34 13 21 1 100 101.9 1.617 0.01275 98.77 101.8 105.1 2001 20000 "MCNULTY (D NY-21)" 105 34 13 21 1 100 104.3 2.415 0.01612 99.66 104.2 109.1 2001 20000 "MCNULTY (D NY-21)" 107 34 13 21 1 100 103.8 2.08 0.01645 99.81 103.7 108 2001 20000
"118" 15616 "NEAL (D MA-2)" 101 19 3 2 1 100 106.2 1.841 0.01272 102.7 106.1 109.9 1001 21000 "NEAL (D MA-2)" 103 19 3 2 1 100 90.62 1.73 0.01308 87.09 90.68 93.86 2001 20000 "NEAL (D MA-2)" 105 19 3 2 1 100 104.6 2.351 0.01689 100.2 104.6 109.4 2001 20000 "NEAL (D MA-2)" 107 19 3 2 1 100 105.7 2.202 0.01624 101.5 105.7 110.2 2001 20000
"119" 15619 "PAYNE (D NJ-10)" 101 31 12 10 1 100 109 2.058 0.01384 105.1 108.9 113.2 1001 21000 "PAYNE (D NJ-10)" 103 31 12 10 1 100 88.71 1.864 0.01404 84.95 88.76 92.22 2001 20000 "PAYNE (D NJ-10)" 105 31 12 10 1 100 104.6 2.35 0.01774 100.2 104.5 109.4 2001 20000 "PAYNE (D NJ-10)" 107 31 12 10 1 100 105.8 2.358 0.01677 101.3 105.8 110.6 2001 20000
"120" 15621 "ROHRABACHER (R CA-42)" 101 5 71 42 2 200 89.48 1.796 0.01637 85.87 89.51 92.92 1001 21000 "ROHRABACHER (R CA-45)" 103 5 71 45 3 200 102.5 1.647 0.01449 99.41 102.5 105.9 2001 20000 "ROHRABACHER (R CA-45)" 105 5 71 45 3 200 95.12 2.285 0.01649 90.53 95.16 99.48 2001 20000 "ROHRABACHER (R CA-45)" 107 5 71 45 3 200 95.95 2.159 0.01517 91.53 96.01 100 2001 20000
"121" 15627 "STEARNS (R FL-6)" 101 9 43 6 2 200 88.5 1.856 0.01519 84.77 88.53 92 1001 21000 "STEARNS (R FL-6)" 103 9 43 6 3 200 107.6 2.067 0.01452 103.8 107.6 111.8 2001 20000 "STEARNS (R FL-6)" 105 9 43 6 3 200 95.06 2.307 0.01734 90.44 95.09 99.45 2001 20000 "STEARNS (R FL-6)" 107 9 43 6 3 200 94.51 2.283 0.01603 89.8 94.58 98.77 2001 20000
"122" 15628 "TANNER (D TN-8)" 101 42 54 8 1 100 96.08 1.59 0.01424 92.96 96.09 99.17 1001 21000 "TANNER (D TN-8)" 103 42 54 8 1 100 103.1 1.689 0.01443 99.85 103 106.4 2001 20000 "TANNER (D TN-8)" 105 42 54 8 1 100 95.11 2.318 0.01542 90.39 95.17 99.46 2001 20000 "TANNER (D TN-8)" 107 42 54 8 1 100 96.04 2.157 0.01703 91.6 96.1 100.1 2001 20000
"123" 15630 "WALSH (R NY-27)" 101 34 13 27 2 200 99.54 1.612 0.01344 96.4 99.53 102.8 1001 21000 "WALSH (R NY-25)" 103 34 13 25 3 200 105.1 1.846 0.01589 101.6 105.1 108.9 2001 20000 "WALSH (R NY-25)" 105 34 13 25 3 200 98.01 2.155 0.01637 93.72 98.05 102.2 2001 20000 "WALSH (R NY-25)" 107 34 13 25 3 200 95.21 2.303 0.01643 90.52 95.26 99.58 2001 20000
"124" 15634 "ROS-LEHTINE (R FL-18)" 101 9 43 18 2 200 94.32 1.615 0.01419 91.11 94.34 97.45 1001 21000 "ROS-LEHTINE (R FL-18)" 103 9 43 18 3 200 105.2 1.84 0.01618 101.7 105.1 109 2001 20000 "ROS-LEHTINE (R FL-18)" 105 9 43 18 3 200 97.84 2.166 0.01688 93.53 97.86 102 2001 20000 "ROS-LEHTINE (R FL-18)" 107 9 43 18 3 200 101.6 2.086 0.01704 97.57 101.6 105.8 2001 20000
"125" 15635 "CONDIT (D CA-15)" 101 5 71 15 1 100 98.68 1.591 0.01553 95.58 98.65 101.8 1001 21000 "CONDIT (D CA-18)" 103 5 71 18 1 100 97.85 1.496 0.01238 94.95 97.84 100.8 2001 20000 "CONDIT (D CA-18)" 105 5 71 18 1 100 103 2.214 0.01682 98.76 103 107.5 2001 20000 "CONDIT (D CA-18)" 107 5 71 18 1 100 103.7 2.536 0.01762 98.81 103.6 108.7 2001 20000
"126" 15637 "TAYLOR (D MS-5)" 101 25 46 5 1 100 92.27 1.665 0.01624 88.96 92.28 95.5 1001 21000 "TAYLOR (D MS-5)" 103 25 46 5 1 100 104.5 1.794 0.0157 101.1 104.5 108.2 2001 20000 "TAYLOR (D MS-5)" 105 25 46 5 1 100 95.15 2.308 0.01668 90.5 95.22 99.48 2001 20000 "TAYLOR (D MS-5)" 107 25 46 5 1 100 94.6 2.263 0.01571 89.95 94.67 98.87 2001 20000
"127" 29100 "CRAMER (D AL-5)" 102 2 41 5 1 100 99.14 2.215 0.01605 94.77 99.16 103.5 1001 21000 "CRAMER (D AL-5)" 103 2 41 5 1 100 104.5 1.785 0.0151 101.1 104.4 108.1 2001 20000 "CRAMER (D AL-5)" 105 2 41 5 1 100 95.43 2.348 0.01724 90.64 95.48 99.89 2001 20000 "CRAMER (D AL-5)" 107 2 41 5 1 100 97.24 2.076 0.01581 93.11 97.27 101.2 2001 20000
"128" 29101 "PASTOR (D AZ-2)" 102 4 61 2 1 100 103.5 2.275 0.02134 99.16 103.5 108.1 1001 21000 "PASTOR (D AZ-2)" 103 4 61 2 1 100 93.39 1.556 0.01127 90.27 93.43 96.33 2001 20000 "PASTOR (D AZ-2)" 105 4 61 2 1 100 104.7 2.382 0.01715 100.2 104.6 109.5 2001 20000 "PASTOR (D AZ-2)" 107 4 61 2 1 100 104.8 2.155 0.01743 100.7 104.7 109.2 2001 20000
"129" 29104 "DOOLITTLE (R CA-14)" 102 5 71 14 3 200 92.77 2.35 0.01811 88.05 92.79 97.28 1001 21000 "DOOLITTLE (R CA-4)" 103 5 71 4 3 200 107.6 2.054 0.01485 103.7 107.5 111.7 2001 20000 "DOOLITTLE (R CA-4)" 105 5 71 4 3 200 95.11 2.301 0.01711 90.39 95.17 99.44 2001 20000 "DOOLITTLE (R CA-4)" 107 5 71 4 3 200 94.78 2.318 0.01553 90.01 94.84 99.16 2001 20000
"130" 29105 "DOOLEY (D CA-17)" 102 5 71 17 1 100 100.2 2.218 0.01633 95.92 100.2 104.6 1001 21000 "DOOLEY (D CA-20)" 103 5 71 20 1 100 97.2 1.467 0.01107 94.3 97.19 100 2001 20000 "DOOLEY (D CA-20)" 105 5 71 20 1 100 104.3 2.328 0.0154 99.9 104.2 109 2001 20000 "DOOLEY (D CA-20)" 107 5 71 20 1 100 104.6 2.359 0.01745 100.2 104.6 109.4 2001 20000
"131" 29106 "WATERS (D CA-29)" 102 5 71 29 1 100 105.6 2.401 0.01621 101 105.5 110.4 1001 21000 "WATERS (D CA-35)" 103 5 71 35 1 100 88.72 1.883 0.0132 84.83 88.79 92.22 2001 20000 "WATERS (D CA-35)" 105 5 71 35 1 100 104.5 2.324 0.01579 100.1 104.4 109.2 2001 20000 "WATERS (D CA-35)" 107 5 71 35 1 100 104.7 2.16 0.01722 100.6 104.7 109.1 2001 20000
"132" 29107 "CUNNINGHAM (R CA-44)" 102 5 71 44 3 200 95.02 2.3 0.01897 90.41 95.03 99.45 1001 21000 "CUNNINGHAM (R CA-51)" 103 5 71 51 3 200 106 1.903 0.01415 102.4 105.9 109.9 2001 20000 "CUNNINGHAM (R CA-51)" 105 5 71 51 3 200 95.4 2.34 0.01622 90.7 95.43 99.82 2001 20000 "CUNNINGHAM (R CA-51)" 107 5 71 51 3 200 95.95 2.178 0.01752 91.58 95.98 100.1 2001 20000
"133" 29109 "DELAURO (D CT-3)" 102 7 1 3 1 100 106 2.351 0.01807 101.4 105.9 110.7 1001 21000 "DELAURO (D CT-3)" 103 7 1 3 1 100 91.73 1.659 0.01371 88.41 91.76 94.89 2001 20000 "DELAURO (D CT-3)" 105 7 1 3 1 100 104.6 2.325 0.01649 100.2 104.6 109.3 2001 20000 "DELAURO (D CT-3)" 107 7 1 3 1 100 106.2 2.245 0.01677 101.9 106.1 110.7 2001 20000
"134" 29117 "ROEMER (D IN-3)" 102 15 22 3 1 100 99.17 2.203 0.01525 94.87 99.17 103.5 1001 21000 "ROEMER (D IN-3)" 103 15 22 3 1 100 98.35 1.495 0.01335 95.43 98.35 101.3 2001 20000 "ROEMER (D IN-3)" 105 15 22 3 1 100 100.4 2.144 0.01545 96.22 100.4 104.7 2001 20000 "ROEMER (D IN-3)" 107 15 22 3 1 100 100.3 2.483 0.01875 95.36 100.3 105 2001 20000
"135" 29118 "NUSSLE (R IA-2)" 102 12 31 2 3 200 97.41 2.245 0.01701 92.98 97.42 101.8 1001 21000 "NUSSLE (R IA-2)" 103 12 31 2 3 200 106.7 1.979 0.01492 102.9 106.6 110.7 2001 20000 "NUSSLE (R IA-2)" 105 12 31 2 3 200 95.14 2.324 0.01655 90.42 95.2 99.6 2001 20000 "NUSSLE (R IA-2)" 107 12 31 2 3 200 94.59 2.252 0.01636 90.02 94.64 98.85 2001 20000
"136" 29120 "JEFFERSON (D LA-2)" 102 18 45 2 1 100 106 2.355 0.01634 101.5 105.9 110.7 1001 21000 "JEFFERSON (D LA-2)" 103 18 45 2 1 100 93.46 1.573 0.01366 90.3 93.46 96.48 2001 20000 "JEFFERSON (D LA-2)" 105 18 45 2 1 100 104.6 2.341 0.0171 100.2 104.6 109.4 2001 20000 "JEFFERSON (D LA-2)" 107 18 45 2 1 100 103.4 2.086 0.01677 99.43 103.4 107.6 2001 20000
"137" 29122 "GILCHREST (R MD-1)" 102 20 52 1 3 200 97.03 2.249 0.01571 92.56 97.03 101.4 1001 21000 "GILCHREST (R MD-1)" 103 20 52 1 3 200 100.8 1.556 0.01327 97.79 100.7 103.9 2001 20000 "GILCHREST (R MD-1)" 105 20 52 1 3 200 101.4 2.477 0.02121 96.5 101.3 106.2 2001 20000 "GILCHREST (R MD-1)" 107 20 52 1 3 200 101.4 2.062 0.01599 97.36 101.4 105.5 2001 20000
"138" 29123 "OLVER (D MA-1)" 102 19 3 1 1 100 106 2.371 0.01657 101.5 106 110.8 1001 21000 "OLVER (D MA-1)" 103 19 3 1 1 100 88.73 1.883 0.01253 84.86 88.78 92.24 2001 20000 "OLVER (D MA-1)" 105 19 3 1 1 100 104.7 2.34 0.01666 100.3 104.7 109.4 2001 20000 "OLVER (D MA-1)" 107 19 3 1 1 100 106.2 2.271 0.01768 101.9 106.2 110.9 2001 20000
"139" 29124 "CAMP (R MI-10)" 102 22 23 10 3 200 94.94 2.305 0.01482 90.39 94.96 99.39 1001 21000 "CAMP (R MI-4)" 103 22 23 4 3 200 106.1 1.926 0.01452 102.5 106.1 110 2001 20000 "CAMP (R MI-4)" 105 22 23 4 3 200 97.79 2.157 0.01872 93.5 97.81 102 2001 20000 "CAMP (R MI-4)" 107 22 23 4 3 200 94.73 2.256 0.0168 90.11 94.79 98.96 2001 20000
"140" 29126 "RAMSTAD (R MN-3)" 102 23 33 3 3 200 96.04 2.278 0.01742 91.51 96.07 100.5 1001 21000 "RAMSTAD (R MN-3)" 103 23 33 3 3 200 102.1 1.628 0.01483 99.05 102.1 105.4 2001 20000 "RAMSTAD (R MN-3)" 105 23 33 3 3 200 95.09 2.319 0.01626 90.42 95.16 99.51 2001 20000 "RAMSTAD (R MN-3)" 107 23 33 3 3 200 94.83 2.265 0.01633 90.16 94.9 99.1 2001 20000
"141" 29127 "PETERSON (D MN-7)" 102 23 33 7 1 100 99.21 2.226 0.01768 94.87 99.22 103.6 1001 21000 "PETERSON (D MN-7)" 103 23 33 7 1 100 101 1.574 0.0127 97.97 101 104.2 2001 20000 "PETERSON (D MN-7)" 105 23 33 7 1 100 95.13 2.296 0.01687 90.51 95.19 99.49 2001 20000 "PETERSON (D MN-7)" 107 23 33 7 1 100 98.32 2.236 0.01716 93.86 98.32 102.6 2001 20000
"142" 29132 "ANDREWS (D NJ-1)" 102 31 12 1 1 100 106 2.338 0.01516 101.5 105.9 110.6 1001 21000 "ANDREWS (D NJ-1)" 103 31 12 1 1 100 96.12 1.511 0.013 93.16 96.11 99.11 2001 20000 "ANDREWS (D NJ-1)" 105 31 12 1 1 100 104.6 2.328 0.01671 100.2 104.6 109.3 2001 20000 "ANDREWS (D NJ-1)" 107 31 12 1 1 100 106 2.258 0.01516 101.8 106 110.6 2001 20000
"143" 29134 "SERRANO (D NY-18)" 102 34 13 18 1 100 106 2.371 0.01675 101.4 105.9 110.6 1001 21000 "SERRANO (D NY-16)" 103 34 13 16 1 100 89.38 1.833 0.014 85.63 89.43 92.8 2001 20000 "SERRANO (D NY-16)" 105 34 13 16 1 100 104.5 2.341 0.01517 100 104.5 109.2 2001 20000 "SERRANO (D NY-16)" 107 34 13 16 1 100 105 2.394 0.01755 100.5 105 109.9 2001 20000
"144" 29135 "TAYLOR (R NC-11)" 102 27 47 11 3 200 94.84 2.297 0.01773 90.3 94.86 99.3 1001 21000 "TAYLOR (R NC-11)" 103 27 47 11 3 200 107.2 2.097 0.01579 103.3 107.2 111.6 2001 20000 "TAYLOR (R NC-11)" 105 27 47 11 3 200 95.11 2.283 0.01515 90.59 95.17 99.49 2001 20000 "TAYLOR (R NC-11)" 107 27 47 11 3 200 94.61 2.263 0.01622 89.94 94.71 98.8 2001 20000
"145" 29136 "HOBSON (R OH-7)" 102 35 24 7 3 200 95.9 2.256 0.01525 91.43 95.91 100.3 1001 21000 "HOBSON (R OH-7)" 103 35 24 7 3 200 103.5 1.721 0.01427 100.2 103.4 107 2001 20000 "HOBSON (R OH-7)" 105 35 24 7 3 200 99.08 2.121 0.01923 94.89 99.11 103.2 2001 20000 "HOBSON (R OH-7)" 107 35 24 7 3 200 98.3 2.031 0.0169 94.26 98.32 102.2 2001 20000
"146" 29137 "BOEHNER (R OH-8)" 102 35 24 8 3 200 92.76 2.346 0.01862 88.06 92.81 97.29 1001 21000 "BOEHNER (R OH-8)" 103 35 24 8 3 200 107.6 2.047 0.01483 103.7 107.5 111.8 2001 20000 "BOEHNER (R OH-8)" 105 35 24 8 3 200 95.13 2.302 0.01543 90.51 95.18 99.48 2001 20000 "BOEHNER (R OH-8)" 107 35 24 8 3 200 94.58 2.27 0.01498 89.88 94.67 98.84 2001 20000
"147" 29143 "JOHNSON (R TX-3)" 102 43 49 3 3 200 92.74 2.354 0.01771 88.11 92.77 97.3 1001 21000 "JOHNSON (R TX-3)" 103 43 49 3 3 200 107.7 2.076 0.014 103.8 107.6 112 2001 20000 "JOHNSON (R TX-3)" 105 43 49 3 3 200 95.54 2.396 0.0191 90.67 95.59 100.1 2001 20000 "JOHNSON (R TX-3)" 107 43 49 3 3 200 94.76 2.308 0.01518 90.1 94.84 99.12 2001 20000
"148" 29144 "EDWARDS (D TX-11)" 102 43 49 11 1 100 98.14 2.228 0.01612 93.75 98.12 102.5 1001 21000 "EDWARDS (D TX-11)" 103 43 49 11 1 100 102.4 1.658 0.0136 99.24 102.4 105.7 2001 20000 "EDWARDS (D TX-11)" 105 43 49 11 1 100 102.8 2.231 0.01812 98.56 102.7 107.3 2001 20000 "EDWARDS (D TX-11)" 107 43 49 11 1 100 99.48 1.995 0.01766 95.58 99.49 103.4 2001 20000
"149" 29147 "SANDERS (Indep VT-1)" 102 47 6 1 2 328 106.1 2.342 0.01712 101.6 106.1 110.8 1001 21000 "SANDERS (Indep VT-1)" 103 47 6 1 2 328 88.68 1.887 0.0148 84.86 88.74 92.21 2001 20000 "SANDERS (Indep VT-1)" 105 47 6 1 2 328 104.7 2.338 0.01896 100.3 104.6 109.5 2001 20000 "SANDERS (Indep VT-1)" 107 47 6 1 2 328 105.9 2.281 0.01681 101.6 105.8 110.5 2001 20000
"150" 29149 "MORAN (D VA-8)" 102 46 40 8 1 100 105.7 2.379 0.01586 101.2 105.7 110.5 1001 21000 "MORAN (D VA-8)" 103 46 40 8 1 100 92.92 1.583 0.01413 89.8 92.95 95.95 2001 20000 "MORAN (D VA-8)" 105 46 40 8 1 100 104.6 2.351 0.01608 100.1 104.6 109.4 2001 20000 "MORAN (D VA-8)" 107 46 40 8 1 100 106 2.252 0.01527 101.8 106 110.7 2001 20000
